  0.81   0.91   0.13   0.91   0.63   0.10   0.28   0.55
  0.96   0.96   0.16   0.97   0.96   0.49   0.80   0.14
  0.42   0.92   0.79   0.96   0.66   0.04   0.85   0.93
  0.68   0.76   0.74   0.39   0.66   0.17   0.71   0.03
  0.28   0.05   0.10   0.82   0.69   0.32   0.95   0.03
  0.44   0.38   0.77   0.80   0.19   0.49   0.45   0.65
  0.71   0.75   0.28   0.68   0.66   0.16   0.12   0.50
  0.96   0.34   0.59   0.22   0.75   0.26   0.51   0.70
-----------------------------------------------------------------------------------------------------------------------------------------------------------------

------------------------------------------------------------
