2_1_2
0   0   0   0   0   0   0   0
0   0   0   0   0   0   0   0
0   0   0   0   0   0   0   0
0   0   0   0   0   0   0   0
0   0   0   0   0   0   0   0
0   0   0   0   0   0   0   0
0   0   0   0   0   0   0   0
0   0   0   0   0   0   0   0

-------------------------------------
2_1_2
0   0   0   0   0   0   0   0
0   0   0   0   0   0   0   0
0   0   0   0   0   0   0   0
0   0   0   0   0   0   0   0
0   0   0   0   0   0   0   0
0   0   0   0   0   0   0   0
0   0   0   0   0   0   0   0
0   0   0   0   0   0   0   0

-------------------------------------
2_1_2
0   0   0   0   0   0   0   0
0   0   0   0   0   0   0   0
0   0   0   0   0   0   0   0
0   0   0   0   0   0   0   0
0   0   0   0   0   0   0   0
0   0   0   0   0   0   0   0
0   0   0   0   0   0   0   0
0   0   0   0   0   0   0   0

-------------------------------------
2_1_2
0   0   0   0   0   0   0   0
0   0   0   0   0   0   0   0
0   0   0   0   0   0   0   0
0   0   0   0   0   0   0   0
0   0   0   0   0   0   0   0
0   0   0   0   0   0   0   0
0   0   0   0   0   0   0   0
0   0   0   0   0   0   0   0

-------------------------------------
2_1_2
0   0   0   0   0   0   0   0
0   0   0   0   0   0   0   0
0   0   0   0   0   0   0   0
0   0   0   0   0   0   0   0
0   0   0   0   0   0   0   0
0   0   0   0   0   0   0   0
0   0   0   0   0   0   0   0
0   0   0   0   0   0   0   0

-------------------------------------
2_1_2
0   0   0   0   0   0   0   0
0   0   0   0   0   0   0   0
0   0   0   0   0   0   0   0
0   0   0   0   0   0   0   0
0   0   0   0   0   0   0   0
0   0   0   0   0   0   0   0
0   0   0   0   0   0   0   0
0   0   0   0   0   0   0   0

-------------------------------------
2_1_2
0   0   0   0   0   0   0   0
0   0   0   0   0   0   0   0
0   0   0   0   0   0   0   0
0   0   0   0   0   0   0   0
0   0   0   0   0   0   0   0
0   0   0   0   0   0   0   0
0   0   0   0   0   0   0   0
0   0   0   0   0   0   0   0

-------------------------------------
2_1_2
0   0   0   0   0   0   0   0
0   0   0   0   0   0   0   0
0   0   0   0   0   0   0   0
0   0   0   0   0   0   0   0
0   0   0   0   0   0   0   0
0   0   0   0   0   0   0   0
0   0   0   0   0   0   0   0
0   0   0   0   0   0   0   0

-------------------------------------
2_1_2
0   0   0   0   0   0   0   0
0   0   0   0   0   0   0   0
0   0   0   0   0   0   0   0
0   0   0   0   0   0   0   0
0   0   0   0   0   0   0   0
0   0   0   0   0   0   0   0
0   0   0   0   0   0   0   0
0   0   0   0   0   0   0   0

-------------------------------------
2_1_2
0   0   0   0   0   0   0   0
0   0   0   0   0   0   0   0
0   0   0   0   0   0   0   0
0   0   0   0   0   0   0   0
0   0   0   0   0   0   0   0
0   0   0   0   0   0   0   0
0   0   0   0   0   0   0   0
0   0   0   0   0   0   0   0

-------------------------------------
2_1_2
0   0   0   0   0   0   0   0
0   0   0   0   0   0   0   0
0   0   0   0   0   0   0   0
0   0   0   0   0   0   0   0
0   0   0   0   0   0   0   0
0   0   0   0   0   0   0   0
0   0   0   0   0   0   0   0
0   0   0   0   0   0   0   0

-------------------------------------
2_1_2
0   0   0   0   0   0   0   0
0   0   0   0   0   0   0   0
0   0   0   0   0   0   0   0
0   0   0   0   0   0   0   0
0   0   0   0   0   0   0   0
0   0   0   0   0   0   0   0
0   0   0   0   0   0   0   0
0   0   0   0   0   0   0   0

-------------------------------------
2_1_2
0   0   0   0   0   0   0   0
0   0   0   0   0   0   0   0
0   0   0   0   0   0   0   0
0   0   0   0   0   0   0   0
0   0   0   0   0   0   0   0
0   0   0   0   0   0   0   0
0   0   0   0   0   0   0   0
0   0   0   0   0   0   0   0

-------------------------------------
2_1_2
0   0   0   0   0   0   0   0
0   0   0   0   0   0   0   0
0   0   0   0   0   0   0   0
0   0   0   0   0   0   0   0
0   0   0   0   0   0   0   0
0   0   0   0   0   0   0   0
0   0   0   0   0   0   0   0
0   0   0   0   0   0   0   0

-------------------------------------
2_1_2
0   0   0   0   0   0   0   0
0   0   0   0   0   0   0   0
0   0   0   0   0   0   0   0
0   0   0   0   0   0   0   0
0   0   0   0   0   0   0   0
0   0   0   0   0   0   0   0
0   0   0   0   0   0   0   0
0   0   0   0   0   0   0   0

-------------------------------------
2_1_2
0   0   0   0   0   0   0   0
0   0   0   0   0   0   0   0
0   0   0   0   0   0   0   0
0   0   0   0   0   0   0   0
0   0   0   0   0   0   0   0
0   0   0   0   0   0   0   0
0   0   0   0   0   0   0   0
0   0   0   0   0   0   0   0

-------------------------------------
2_1_2
0   0   0   0   0   0   0   0
0   0   0   0   0   0   0   0
0   0   0   0   0   0   0   0
0   0   0   0   0   0   0   0
0   0   0   0   0   0   0   0
0   0   0   0   0   0   0   0
0   0   0   1   0   0   0   0
0   0   1   1   1   0   0   0

-------------------------------------
2_1_2
0   0   0   0   0   0   0   0
0   0   0   0   0   0   0   0
0   0   0   0   0   0   0   0
0   0   0   0   0   0   0   0
0   0   0   0   1   0   0   0
0   0   1   1   1   0   0   0
0   0   0   0   0   0   0   0
0   0   0   0   0   0   0   0

-------------------------------------
2_1_2
0   0   0   0   1   0   0   0
0   0   0   0   1   0   0   0
0   0   0   1   1   0   0   0
0   0   0   1   0   0   0   0
0   0   0   0   0   0   0   0
0   0   0   0   0   0   0   0
0   0   0   0   0   0   0   0
0   0   0   0   0   0   0   0

-------------------------------------
2_1_2
0   0   1   1   1   0   0   0
0   0   1   1   0   0   0   0
0   0   0   0   0   0   0   0
0   0   0   0   0   0   0   0
0   0   0   0   0   0   0   0
0   0   0   0   0   0   0   0
0   0   0   0   0   0   0   0
0   0   0   0   0   0   0   0

-------------------------------------
2_1_2
0   0   0   1   0   0   0   0
0   0   0   0   0   0   0   0
0   0   0   0   0   0   0   0
0   0   0   0   0   0   0   0
0   0   0   0   0   0   0   0
0   0   0   0   0   0   0   0
0   0   0   0   0   0   0   0
0   0   0   0   0   0   0   0

-------------------------------------
2_1_2
0   0   0   0   0   0   0   0
0   0   0   0   0   0   0   0
0   0   0   0   0   0   0   0
0   0   0   0   0   0   0   0
0   0   0   0   0   0   0   0
0   0   0   0   0   0   0   0
0   0   0   0   0   0   0   0
0   0   0   0   0   0   0   0

-------------------------------------
2_1_2
0   0   0   0   0   0   0   0
0   0   0   0   0   0   0   0
0   0   0   0   0   0   0   0
0   0   0   0   0   0   0   0
0   0   0   0   0   0   0   0
0   0   0   0   0   0   0   0
0   0   0   0   0   0   0   0
0   0   0   0   0   0   0   0

-------------------------------------
2_1_2
0   0   0   0   0   0   0   0
0   0   0   0   0   0   0   0
0   0   0   0   0   0   0   0
0   0   0   0   0   0   0   0
0   0   0   0   0   0   0   0
0   0   0   0   0   0   0   0
0   0   0   0   0   0   0   0
0   0   0   0   0   0   0   0

-------------------------------------
2_1_2
0   0   0   0   0   0   0   0
0   0   0   0   0   0   0   0
0   0   0   0   0   0   0   0
0   0   0   0   0   0   0   0
0   0   0   0   0   0   0   0
0   0   0   0   0   0   0   0
0   0   0   0   0   0   0   0
0   0   0   0   0   0   0   0

-------------------------------------
2_1_2
0   0   0   0   0   0   0   0
0   0   0   0   0   0   0   0
0   0   0   0   0   0   0   0
0   0   0   0   0   0   0   0
0   0   0   0   0   0   0   0
0   0   0   0   0   0   0   0
0   0   0   0   0   0   0   0
0   0   0   0   0   0   0   0

-------------------------------------
2_1_2
0   0   0   0   0   0   0   0
0   0   0   0   0   0   0   0
0   0   0   0   0   0   0   0
0   0   0   0   0   0   0   0
0   0   0   0   0   0   0   0
0   0   0   0   0   0   0   0
0   0   0   0   0   0   0   0
0   0   0   0   0   0   0   0

-------------------------------------
2_1_2
0   0   0   0   0   0   0   0
0   0   0   0   0   0   0   0
0   0   0   0   0   0   0   0
0   0   0   0   0   0   0   0
0   0   0   0   0   0   0   0
0   0   0   0   0   0   0   0
0   0   0   0   0   0   0   0
0   0   0   0   0   0   0   0

-------------------------------------
2_1_2
0   0   0   0   0   0   0   0
0   0   0   0   0   0   0   0
0   0   0   0   0   0   0   0
0   0   0   0   0   0   0   0
0   0   0   0   0   0   0   0
0   0   0   0   0   0   0   0
0   0   0   0   0   0   0   0
0   0   0   0   0   0   0   0

-------------------------------------
2_1_2
0   0   0   0   0   0   0   0
0   0   0   0   0   0   0   0
0   0   0   0   0   0   0   0
0   0   0   0   0   0   0   0
0   0   0   0   0   0   0   0
0   0   0   0   0   0   0   0
0   0   0   0   0   0   0   0
0   0   0   0   0   0   0   0

-------------------------------------
2_1_2
0   0   0   0   0   0   0   0
0   0   0   0   0   0   0   0
0   0   0   0   0   0   0   0
0   0   0   0   0   0   0   0
0   0   0   0   0   0   0   0
0   0   0   0   0   0   0   0
0   0   0   0   0   0   0   0
0   0   0   0   0   0   0   1

-------------------------------------
2_1_2
0   0   0   0   0   0   0   0
0   0   0   0   0   0   0   0
0   0   0   0   0   0   0   0
0   0   0   0   0   0   0   0
0   0   0   0   0   0   0   0
0   0   0   0   0   0   0   0
0   0   0   0   0   0   0   0
0   0   0   0   0   0   0   0

-------------------------------------
2_1_2
0   0   0   0   0   0   0   0
0   0   0   0   0   0   0   0
0   0   0   0   0   0   0   0
0   0   0   0   0   0   0   0
0   0   0   0   0   0   0   0
0   0   0   0   0   0   0   0
0   0   0   0   0   0   0   0
0   0   0   0   0   0   0   0

-------------------------------------
2_1_2
0   0   0   0   0   0   0   0
0   0   0   0   0   0   0   0
0   0   0   0   0   0   0   0
0   0   0   0   0   0   0   0
0   0   0   0   0   0   0   0
0   0   0   0   0   0   0   0
0   0   0   0   0   0   0   0
0   0   0   0   0   0   1   0

-------------------------------------
2_1_2
0   0   0   0   0   0   0   0
0   0   0   0   0   0   0   0
0   0   0   0   0   0   0   0
0   0   0   0   0   0   0   0
0   0   0   0   0   0   0   0
0   0   0   0   0   0   0   0
0   0   0   0   0   0   0   0
0   0   0   0   0   0   1   1

-------------------------------------
2_1_2
0   0   0   0   0   0   0   0
0   0   0   0   0   0   0   0
0   0   0   0   0   0   0   0
0   0   0   0   0   0   0   0
0   0   0   0   0   0   0   0
0   0   0   0   0   0   0   0
0   0   0   0   0   0   0   0
0   0   0   0   0   0   0   0

-------------------------------------
2_1_2
0   0   0   0   0   0   0   0
0   0   0   0   0   0   0   0
0   0   0   0   0   0   0   0
0   0   0   0   0   0   0   0
0   0   0   0   0   0   0   0
0   0   0   0   0   0   0   0
0   0   0   0   0   0   0   0
0   0   0   0   0   0   0   0

-------------------------------------
2_1_2
0   0   0   0   0   0   0   0
0   0   0   0   0   0   0   0
0   0   0   0   0   0   0   0
0   0   0   0   0   0   0   0
0   0   0   0   0   0   0   0
0   0   0   0   0   0   0   0
0   0   0   0   0   0   0   0
0   0   0   0   0   0   0   0

-------------------------------------
2_1_2
0   0   0   1   1   0   0   1
0   0   0   0   0   0   0   0
0   0   0   0   0   0   0   0
0   0   0   0   0   0   0   0
0   0   0   0   0   0   0   0
0   0   0   0   0   0   0   0
0   0   0   0   0   0   0   0
0   0   0   0   0   0   0   0

-------------------------------------
2_1_2
0   0   0   1   1   0   0   0
0   0   0   1   1   0   0   0
0   0   0   0   0   0   0   0
0   0   0   0   0   0   0   0
0   0   0   0   0   0   0   0
0   0   0   0   0   0   0   0
0   0   0   0   0   0   0   0
0   0   0   0   0   0   0   0

-------------------------------------
2_1_2
0   0   0   0   0   0   0   0
0   0   0   0   0   0   0   0
0   0   0   0   0   0   0   0
0   0   0   1   0   0   0   0
0   0   0   1   1   1   0   0
0   0   0   0   1   1   0   1
0   0   0   0   0   1   0   0
0   0   0   0   0   0   0   1

-------------------------------------
2_1_2
0   0   0   0   0   0   0   0
0   0   0   0   0   0   0   0
0   0   0   0   0   0   0   0
0   0   0   0   0   0   0   0
0   0   0   0   0   0   0   0
0   0   0   0   0   0   0   1
0   0   1   1   0   0   0   0
0   0   1   1   1   0   0   0

-------------------------------------
2_1_2
0   0   0   0   0   0   0   0
0   0   0   0   0   0   0   0
0   0   0   0   0   0   0   0
0   0   0   0   0   0   0   0
0   0   0   0   0   0   0   0
0   0   0   0   0   0   0   0
0   0   0   0   0   0   0   0
0   0   1   0   0   0   0   0

-------------------------------------
2_1_2
0   0   0   0   0   0   0   0
0   0   0   0   0   0   0   0
0   0   0   0   0   0   0   0
0   0   0   0   0   0   0   0
0   0   0   0   0   0   0   0
0   0   0   0   0   0   0   0
0   0   0   0   0   0   0   0
0   0   0   0   0   0   0   0

-------------------------------------
2_1_2
0   0   0   0   0   0   0   0
0   0   0   0   0   0   0   0
0   0   0   0   0   0   0   0
0   0   0   0   0   0   0   0
0   0   0   0   0   0   0   0
0   0   0   0   0   0   0   0
0   0   0   0   0   0   0   0
0   0   0   0   0   0   0   0

-------------------------------------
2_1_2
0   0   0   0   0   0   0   0
0   0   0   0   0   0   0   0
0   0   0   0   0   0   0   0
0   0   0   0   0   0   0   0
0   0   0   0   0   0   0   0
0   0   0   0   0   0   0   0
0   0   0   0   0   0   0   0
0   0   0   0   0   0   0   0

-------------------------------------
2_1_2
0   0   0   0   0   0   0   0
0   0   0   0   0   0   0   0
0   0   0   0   0   0   0   0
0   0   0   0   0   0   0   0
0   0   0   0   0   0   0   0
0   0   0   0   0   0   0   0
0   0   0   0   0   0   0   0
0   0   0   0   0   0   0   0

-------------------------------------
2_1_2
0   0   0   0   0   0   0   0
0   0   0   0   0   0   0   0
0   0   0   0   0   0   0   0
0   0   0   0   0   0   0   0
0   0   0   0   0   0   0   0
0   0   0   0   0   0   0   0
0   0   0   0   0   0   0   0
0   0   0   0   0   0   0   0

-------------------------------------
2_1_2
0   0   0   0   0   0   0   0
0   0   0   0   0   0   0   0
0   0   0   0   0   0   0   0
0   0   0   0   0   0   0   0
0   0   0   0   0   0   0   0
0   0   0   0   0   0   0   0
0   0   0   0   0   0   0   0
0   0   0   0   0   0   0   0

-------------------------------------
2_1_2
0   0   0   0   0   0   0   0
0   0   0   0   0   0   0   0
0   0   0   0   0   0   0   0
0   0   0   0   0   0   0   0
0   0   0   0   0   0   0   0
0   0   0   0   0   0   0   0
0   0   0   0   0   0   0   0
0   0   0   0   0   0   0   0

-------------------------------------
2_1_2
0   0   0   0   0   0   0   0
0   0   0   0   0   0   0   0
0   0   0   0   0   0   0   0
0   0   0   0   0   0   0   0
0   0   0   0   0   0   0   0
0   0   0   0   0   0   0   0
0   0   0   0   0   0   0   0
0   0   0   0   0   0   0   1

-------------------------------------
2_1_2
0   0   0   0   0   0   0   0
0   0   0   0   0   0   0   0
0   0   0   0   0   0   0   0
0   0   0   0   0   0   0   0
0   0   0   0   0   0   0   0
0   0   0   0   0   0   0   0
0   0   0   0   0   0   0   0
0   0   0   0   0   0   1   1

-------------------------------------
2_1_2
0   0   0   0   0   0   0   0
0   0   0   0   0   0   0   0
0   0   0   0   0   0   0   0
0   0   0   0   0   0   0   0
0   0   0   0   0   0   0   0
0   0   0   0   0   0   0   0
0   0   0   0   0   0   0   0
0   0   0   0   0   0   0   0

-------------------------------------
